[Variables]
nozzle_expansion_applied_offset = 0.015000000000741864
nozzle_expansion_coefficient = 0.03000000000148373

