[Variables]
nozzle_expansion_applied_offset = 0.01200000000059349
nozzle_expansion_coefficient = 0.03000000000148373

